1 9184 4720 15120 98 80 160
2 68 40 400 107 120 160
3 68 1 320 123 120 160
4 80 40 760 103 120 160
5 71 40 200 203 120 1720
6 76 40 320 108 80 160
7 98 40 320 127 120 160
8 61 40 480 117 120 160
9 76 40 320 163 160 200
10 48 40 120 149 120 200
11 55 40 160 164 120 200
12 67 40 160 170 160 200
13 47 40 120 159 120 200
14 46 40 160 153 120 200
15 71 80 120 161 120 200
16 50 40 80 154 120 200
17 82 80 160 161 160 200
18 49 40 80 163 160 200
19 73 40 160 170 160 240
20 80 40 360 1979 160 56040
21 49 40 120 179 160 240
22 58 40 120 166 160 240
23 71 40 120 177 160 240
24 80 40 160 174 160 200
25 76 40 160 184 160 240
26 69 40 120 184 160 240
27 80 40 160 185 160 240
28 98 40 720 201 160 600
29 69 40 120 190 160 240
30 75 40 160 189 160 240
31 82 40 160 199 200 240
32 79 80 160 189 200 240
33 79 40 160 196 200 240
34 68 40 160 197 200 240
35 74 40 120 198 200 240
36 91 80 160 214 200 280
37 82 40 160 202 160 280
38 79 40 160 210 200 280
39 92 40 200 223 200 280
40 101 80 160 208 200 280
41 102 40 160 222 200 280
42 83 40 200 217 200 280
43 90 80 160 215 200 280
44 92 80 160 225 240 280
45 91 40 160 246 200 280
46 87 80 200 233 200 280
47 88 40 200 243 240 280
48 91 80 160 237 240 280
49 89 40 160 256 200 280
50 78 40 200 243 240 280
51 78 40 160 255 240 280
52 92 40 160 267 240 320
53 79 40 160 267 240 320
54 90 80 200 263 240 320
55 98 80 200 279 240 320
56 81 80 120 266 240 320
57 84 80 160 284 240 320
58 82 80 160 285 280 320
59 84 80 160 288 280 320
60 97 80 160 292 280 320
61 94 80 160 291 240 320
62 85 40 160 289 280 320
63 93 80 200 301 280 320
64 98 80 160 301 280 320
65 98 80 160 304 280 360
66 100 80 160 303 280 360
67 104 80 200 303 280 360
68 117 80 200 314 280 360
69 102 80 160 311 280 360
70 113 40 200 316 280 360
71 107 80 200 316 280 360
72 107 80 160 312 320 360
73 194 120 760 317 320 360
74 126 120 200 333 320 400
75 156 80 520 335 320 360
76 157 80 560 329 320 400
77 236 80 600 347 320 400
78 111 40 520 333 320 400
79 140 80 520 345 320 400
80 104 80 160 333 320 360
81 149 80 560 354 320 400
82 121 80 520 344 320 400
83 109 80 200 359 320 400
84 136 120 200 356 360 400
85 113 40 200 345 320 400
86 99 40 160 348 360 400
87 132 40 240 358 360 440
88 126 80 160 348 360 400
89 135 80 440 355 360 400
90 137 120 200 362 360 440
91 153 120 240 364 360 440
92 146 80 240 368 360 440
93 143 80 440 372 360 440
94 158 120 240 371 360 440
95 132 80 240 387 360 440
96 148 80 560 372 360 440
97 140 80 200 383 360 440
98 148 80 240 384 400 440
99 141 80 240 394 400 440
100 151 80 240 396 400 440
101 155 80 280 390 400 440
102 154 80 240 408 400 440
103 184 80 520 427 400 480
104 147 80 240 404 400 440
105 158 120 280 408 400 440
106 155 80 240 420 400 440
107 178 80 640 431 400 480
108 175 80 520 431 400 480
109 152 80 240 430 400 440
110 165 80 280 437 400 480
111 176 120 280 444 400 480
112 167 80 520 437 440 480
113 170 80 520 442 440 480
114 193 80 640 448 440 480
115 195 120 680 452 440 480
116 182 120 280 454 440 480
117 196 120 640 455 440 520
118 201 80 600 453 440 520
119 188 80 560 466 440 520
120 201 80 560 457 440 480
121 184 80 280 459 440 480
122 187 120 600 466 440 520
123 195 120 280 467 440 520
124 198 120 280 471 480 520
125 220 120 600 477 440 520
126 200 120 320 472 440 560
127 221 120 600 484 480 520
128 232 120 560 476 480 520
129 242 120 760 479 480 520
130 226 120 440 485 480 560
131 217 120 320 488 480 560
132 236 120 440 490 480 520
133 233 160 360 494 480 560
134 235 160 320 487 480 560
135 268 120 680 504 480 560
136 243 120 320 498 480 560
137 290 160 680 507 480 560
138 258 160 360 518 520 560
139 252 160 360 528 520 560
140 257 160 400 514 520 560
141 266 200 360 545 520 600
142 261 200 360 520 480 560
143 273 200 360 548 520 600
144 260 200 360 524 520 560
145 277 200 360 549 520 600
146 269 200 360 545 520 600
147 263 200 360 558 520 600
148 282 200 400 562 520 600
149 274 200 360 560 520 600
150 276 200 360 555 520 600
151 289 240 400 571 520 600
152 286 200 680 561 560 600
153 364 200 1480 562 560 600
154 289 200 400 568 560 600
155 314 240 440 583 560 640
156 295 240 400 576 560 600
157 303 240 400 587 560 640
158 310 240 440 576 560 640
159 313 240 400 593 560 640
160 297 240 400 580 560 600
161 321 240 440 588 560 640
162 307 240 400 589 560 640
163 314 240 400 596 600 640
164 329 240 440 601 560 680
165 326 240 440 597 560 640
166 321 240 440 597 560 640
167 351 280 440 613 600 680
168 328 240 400 598 600 640
169 347 280 480 2250 600 51760
170 336 280 440 614 600 680
171 356 280 480 614 600 680
172 358 280 480 617 600 680
173 355 280 440 611 600 680
174 366 280 480 617 600 680
175 370 280 440 631 600 680
176 358 280 440 616 600 680
177 371 320 480 624 600 680
178 372 280 480 624 640 680
179 371 280 480 631 640 680
180 378 280 480 635 640 680
181 382 320 480 633 600 720
182 382 280 480 638 640 680
183 394 280 520 656 640 720
184 384 320 480 644 640 680
185 397 320 640 642 640 720
186 389 320 480 649 640 720
187 390 320 480 651 640 720
188 397 320 480 653 640 720
189 406 320 520 655 640 720
190 398 320 480 652 640 720
191 406 320 520 678 680 760
192 402 320 480 673 680 720
193 410 360 520 674 640 720
194 410 360 520 675 680 720
195 411 320 520 687 680 720
196 424 360 520 698 680 760
197 420 360 560 701 680 1080
198 413 320 520 676 680 760
199 428 360 560 714 680 760
200 435 360 760 697 680 720
201 493 360 840 706 680 760
202 449 360 920 715 680 760
203 459 360 880 724 680 760
204 633 360 960 2394 720 52720
205 471 400 840 730 680 800
206 453 400 840 714 680 760
207 479 400 840 738 720 800
208 456 400 880 723 720 760
209 486 400 880 739 720 800
210 459 400 840 731 720 800
211 455 400 560 741 720 800
212 491 400 880 744 720 800
213 481 400 760 741 720 800
214 454 400 560 746 720 800
215 495 400 760 746 720 800
216 473 400 680 742 720 800
217 552 400 1280 747 720 800
218 508 440 600 753 760 800
219 519 400 880 761 760 840
220 505 400 600 806 760 2360
221 530 400 960 768 760 800
222 557 440 1040 763 760 800
223 532 440 640 777 760 840
224 519 440 600 764 760 800
225 534 440 600 779 760 840
226 527 440 640 766 760 800
227 523 440 600 780 760 840
228 563 440 960 792 760 840
229 568 440 1000 778 760 840
230 537 480 640 788 760 840
231 540 440 640 801 800 840
232 532 440 600 789 800 840
233 551 480 920 803 800 840
234 544 440 640 808 800 880
235 549 480 640 802 800 880
236 558 480 760 813 800 880
237 561 480 960 814 800 880
238 552 440 640 821 800 840
239 556 480 640 833 800 880
240 566 480 920 825 800 840
241 585 480 1120 838 800 880
242 585 480 1040 838 800 880
243 570 480 960 841 800 880
244 576 480 960 847 840 880
245 582 480 1040 841 800 880
246 578 480 960 838 800 880
247 573 520 680 855 800 880
248 567 520 680 847 840 880
249 576 480 960 853 840 920
250 570 520 680 856 840 880
251 575 520 680 859 840 920
252 581 520 720 867 840 920
253 598 520 1080 867 840 920
254 612 520 1040 860 840 920
255 635 520 1080 874 840 920
256 607 520 960 869 840 920
257 600 520 720 869 840 920
258 599 520 680 875 840 920
259 600 520 720 876 880 920
260 616 520 720 882 880 920
261 610 520 720 886 880 920
262 662 520 1160 881 840 960
263 651 560 760 892 880 960
264 612 560 720 883 880 920
265 692 560 1120 889 880 920
266 624 560 760 899 880 960
267 630 560 760 902 880 960
268 626 560 760 898 880 960
269 636 560 760 912 880 1000
270 629 560 720 901 880 960
271 657 600 760 916 920 960
272 632 560 720 901 920 960
273 655 600 800 915 920 960
274 640 560 760 915 920 960
275 644 560 760 921 920 960
276 699 600 2000 924 920 1000
277 677 600 1200 925 920 1000
278 649 600 760 923 920 1000
279 665 600 800 929 920 1000
280 662 600 760 922 920 960
281 728 600 1600 935 920 1280
282 668 600 760 946 920 1000
283 684 640 840 948 960 1000
284 686 600 1120 947 920 1000
285 682 600 800 958 960 1000
286 684 600 800 947 920 1000
287 689 600 800 969 960 1040
288 681 600 760 952 960 1000
289 691 640 800 962 960 1000
290 686 640 800 963 960 1040
291 698 640 1080 978 960 1040
292 697 640 800 984 960 1040
293 698 600 800 993 960 1040
294 695 640 800 987 960 1040
295 717 640 840 998 1000 1040
296 694 640 800 990 960 1040
297 704 640 800 1051 1000 2600
298 712 640 880 993 960 1040
299 719 640 840 1002 1000 1040
300 719 640 840 1006 1000 1040
301 724 640 840 1005 960 1080
302 731 640 880 1006 960 1080
303 731 640 840 1019 1000 1080
304 711 680 880 1011 1000 1040
305 731 680 840 1018 1000 1080
306 719 680 840 1017 1000 1080
307 729 680 840 1020 1000 1080
308 743 680 880 1028 1040 1080
309 747 680 880 1021 1000 1080
310 736 680 840 1021 1000 1080
311 766 680 880 1037 1040 1080
312 749 680 840 1026 1040 1080
313 759 680 880 1032 1040 1080
314 758 680 840 1031 1040 1080
315 761 680 840 1037 1040 1080
316 758 680 880 1042 1040 1080
317 778 720 880 1087 1040 2440
318 817 720 1800 1041 1040 1120
319 792 720 960 1065 1040 1120
320 790 720 1360 1051 1040 1120
321 786 720 920 1060 1040 1120
322 786 720 920 1055 1040 1120
323 799 720 880 1065 1040 1120
324 796 720 920 1064 1080 1120
325 804 720 920 1077 1040 1160
326 808 720 920 1062 1040 1120
327 830 720 1280 5579 1080 140240
328 805 720 1040 1068 1080 1120
329 838 760 1200 1089 1080 1160
330 822 720 1240 1101 1080 1160
331 975 760 1280 1112 1080 1160
332 804 720 1000 1096 1080 1120
333 811 720 960 1117 1080 1160
334 810 760 960 1098 1080 1120
335 837 760 1400 1124 1120 1160
336 814 720 1240 1111 1080 1160
337 827 760 1000 1126 1120 1160
338 820 760 960 1121 1120 1160
339 828 760 1280 1129 1120 1160
340 846 760 1240 1133 1120 1160
341 839 760 1000 1130 1120 1160
342 844 760 1280 1126 1120 1160
343 840 800 960 1190 1120 2720
344 822 760 960 1132 1120 1160
345 881 760 1400 1136 1120 1160
346 844 800 1320 1143 1120 1200
347 895 800 1360 1145 1120 1200
348 891 800 1480 1147 1120 1200
349 890 800 1280 1161 1160 1240
350 876 800 1240 1148 1120 1200
351 880 800 1000 1162 1160 1240
352 862 800 1160 1151 1160 1200
353 882 840 1000 1175 1160 1560
354 884 840 1000 1159 1160 1200
355 906 840 1280 1168 1160 1200
356 909 840 1360 1169 1160 1240
357 905 840 1280 2785 1160 50160
358 909 800 1320 1166 1160 1240
359 920 840 1040 1174 1160 1240
360 896 840 1000 1166 1160 1200
361 907 840 1000 1191 1160 1240
362 940 840 1400 1190 1160 1240
363 920 840 1040 1189 1160 1240
364 924 840 1040 1193 1160 1240
365 924 840 1120 1195 1160 1240
366 920 880 1040 1197 1160 1440
367 935 840 1320 1214 1200 1240
368 916 840 1040 1200 1200 1240
369 934 880 1440 1209 1200 1280
370 925 880 1040 1209 1200 1280
371 926 880 1040 1218 1200 1280
372 951 880 1480 1226 1200 1280
373 935 880 1080 1239 1200 1600
374 944 840 1360 1231 1200 1280
375 944 880 1080 1244 1200 1280
376 961 880 1480 1236 1200 1240
377 949 880 1360 1238 1200 1280
378 938 880 1080 1261 1240 1680
379 944 920 1080 1256 1240 1600
380 962 920 1360 1251 1240 1280
381 995 880 1440 1252 1200 1320
382 967 880 1400 1251 1200 1280
383 982 880 1440 1263 1240 1320
384 943 920 1360 1256 1240 1280
385 954 920 1360 1265 1240 1320
386 965 920 1280 1262 1240 1280
387 958 920 1080 1268 1240 1320
388 967 920 1120 1320 1240 2880
389 979 920 1360 1272 1240 1320
390 978 920 1120 1264 1240 1320
391 987 920 1120 1274 1280 1320
392 975 920 1080 1276 1280 1320
393 1083 960 1760 1282 1280 1320
394 990 960 1160 1306 1280 1720
395 1008 960 1200 1292 1280 1320
396 1033 960 2080 1285 1280 1360
397 1015 960 1520 1316 1280 1680
398 1000 960 1120 1285 1280 1320
399 1028 960 1160 1302 1280 1360
